agebin,month,Cases,Pop,Year,Run_Number,Sample_ID
5,1,3.377355281264,198.1333333333,2015,0,7.0
100,1,1.176014291123,838,2015,0,7.0
5,2,2.464134991169,197.5,2015,0,7.0
100,2,1.062357934192,836.0333333333,2015,0,7.0
5,3,2.175949569792,195.7,2015,0,7.0
100,3,0.9595697969198,836.8333333333,2015,0,7.0
5,4,1.49974322319,194.7,2015,0,7.0
100,4,0.7696439474821,837.8333333333,2015,0,7.0
5,5,1.247863247991,195,2015,0,7.0
100,5,0.6225210363045,840.4,2015,0,7.0
5,6,1.434062194079,195.1333333333,2015,0,7.0
100,6,0.6067682448775,842.1666666667,2015,0,7.0
5,7,1.257320046425,193.5333333333,2015,0,7.0
100,7,0.5333517473191,844.0333333333,2015,0,7.0
5,8,1.697382062674,193.5333333333,2015,0,7.0
100,8,0.6767525393516,844.9666666667,2015,0,7.0
5,9,2.55768237263,195.0333333333,2015,0,7.0
100,9,0.9541349820793,841.6,2015,0,7.0
5,10,4.502312600613,194.5666666667,2015,0,7.0
100,10,1.760566176847,843.1,2015,0,7.0
5,11,4.146320909262,196.6,2015,0,7.0
100,11,1.497731313109,844.8333333333,2015,0,7.0
5,12,3.368853740394,198.6333333333,2015,0,7.0
100,12,1.385801821947,842.8333333333,2015,0,7.0
5,1,2.310917232186,194.8,2016,0,7.0
100,1,1.208752188832,845.5,2016,0,7.0
5,2,3.196706995368,190.3,2016,0,7.0
100,2,1.119235770777,847.9,2016,0,7.0
5,3,2.781322129071,188.1,2016,0,7.0
100,3,1.043715002947,850.9666666667,2016,0,7.0
5,4,2.56903090328,184.7,2016,0,7.0
100,4,0.9542297208682,854.2666666667,2016,0,7.0
5,5,2.888827472925,181.1,2016,0,7.0
100,5,0.8685052124783,854.5333333333,2016,0,7.0
5,6,1.743203595281,181.4666666667,2016,0,7.0
100,6,0.8265979327261,853.7,2016,0,7.0
5,7,1.078884124756,180.4333333333,2016,0,7.0
100,7,0.6121056061238,854.7,2016,0,7.0
5,8,1.537827417254,181.9666666667,2016,0,7.0
100,8,0.6691239709035,854.6,2016,0,7.0
5,9,1.721073582768,183.8,2016,0,7.0
100,9,1.197282101959,853.6,2016,0,7.0
5,10,2.199598364532,182.5333333333,2016,0,7.0
100,10,1.653002269566,853.8,2016,0,7.0
5,11,3.173338294029,184.0333333333,2016,0,7.0
100,11,1.278309635818,856.6,2016,0,7.0
5,12,5.09758271277,186.1666666667,2016,0,7.0
100,12,1.096010604873,854.7666666667,2016,0,7.0
5,1,1.907894805074,184.9333333333,2017,0,7.0
100,1,0.9395109303296,854.7,2017,0,7.0
5,2,2.318932674825,183.6333333333,2017,0,7.0
100,2,1.012858567759,852.8666666667,2017,0,7.0
5,3,2.666666805744,182.5,2017,0,7.0
100,3,0.9851744323969,852.1333333333,2017,0,7.0
5,4,1.934039756656,182.4333333333,2017,0,7.0
100,4,0.7150973659009,850.7,2017,0,7.0
5,5,1.602341294289,182.2333333333,2017,0,7.0
100,5,0.5858289180323,851.5,2017,0,7.0
5,6,1.601462602615,182.3333333333,2017,0,7.0
100,6,0.3573386697099,851.2,2017,0,7.0
5,7,1.079881668091,180.2666666667,2017,0,7.0
100,7,0.6831741034985,854.8333333333,2017,0,7.0
5,8,0.9522922188044,178.8666666667,2017,0,7.0
100,8,0.6824555844069,855.7333333333,2017,0,7.0
5,9,1.011640839279,180.4,2017,0,7.0
100,9,1.111935641617,853.4666666667,2017,0,7.0
5,10,1.206390023232,181.5333333333,2017,0,7.0
100,10,0.9585685459897,850.4,2017,0,7.0
5,11,2.040626183152,178.8666666667,2017,0,7.0
100,11,1.741017282009,852.5666666667,2017,0,7.0
5,12,5.323485508561,178.2666666667,2017,0,7.0
100,12,1.168319160119,853.9333333333,2017,0,7.0
5,1,3.782027028501,176.9333333333,2018,0,7.0
100,1,1.170832827687,852.1,2018,0,7.0
5,2,2.378957048059,179,2018,0,7.0
100,2,0.9461157750338,848.7333333333,2018,0,7.0
5,3,2.411451548338,181.6333333333,2018,0,7.0
100,3,0.7605063570663,847.9,2018,0,7.0
5,4,2.200401864946,182.4666666667,2018,0,7.0
100,4,0.7302290936932,849.7333333333,2018,0,7.0
5,5,2.525951623917,183.0333333333,2018,0,7.0
100,5,0.5300443442538,849.3,2018,0,7.0
5,6,1.721073582768,183.8,2018,0,7.0
100,6,0.6576834265143,850.9666666667,2018,0,7.0
5,7,1.275284968317,181.2666666667,2018,0,7.0
100,7,0.4423204623163,852.7,2018,0,7.0
5,8,1.099604606628,177.0333333333,2018,0,7.0
100,8,0.6540709156543,855.6666666667,2018,0,7.0
5,9,0.9676197767258,176.0333333333,2018,0,7.0
100,9,0.8364081168547,858.2333333333,2018,0,7.0
5,10,1.878574199975,174.8666666667,2018,0,7.0
100,10,1.570714113303,859.8,2018,0,7.0
5,11,2.725445285439,174.1,2018,0,7.0
100,11,1.581614866853,861.5666666667,2018,0,7.0
5,12,6.693487748504,178.1333333333,2018,0,7.0
100,12,1.170685515739,862.6,2018,0,7.0
5,1,2.63696578145,166.1,2015,0,5.0
100,1,1.081987697631,854.6,2015,0,5.0
5,2,2.183014377952,167.2,2015,0,5.0
100,2,0.5983840227127,853.9666666667,2015,0,5.0
5,3,2.401315689087,162.1333333333,2015,0,5.0
100,3,0.895025680773,856.4,2015,0,5.0
5,4,2.692071229219,162.7,2015,0,5.0
100,4,0.6258280649781,855.4,2015,0,5.0
5,5,1.682027623057,166.3666666667,2015,0,5.0
100,5,0.6568343639374,852.0666666667,2015,0,5.0
5,6,2.037073910236,167.2333333333,2015,0,5.0
100,6,0.5022014258429,847.9333333333,2015,0,5.0
5,7,1.312949627638,166.8,2015,0,5.0
100,7,0.587277283892,849.4,2015,0,5.0
5,8,2.123796135187,166.1333333333,2015,0,5.0
100,8,0.6149114500731,850.8,2015,0,5.0
5,9,2.985238477588,167.1,2015,0,5.0
100,9,1.11647060886,850,2015,0,5.0
5,10,5.369781091809,167.6666666667,2015,0,5.0
100,10,2.117019973695,850.5666666667,2015,0,5.0
5,11,3.826904073358,168.5,2015,0,5.0
100,11,1.561972402036,849.0333333333,2015,0,5.0
5,12,3.841342493892,167.8666666667,2015,0,5.0
100,12,1.320539541543,847.6333333333,2015,0,5.0
5,1,3.574051380157,163.4,2016,0,5.0
100,1,1.387723868713,850.4333333333,2016,0,5.0
5,2,3.1562692523,161.9,2016,0,5.0
100,2,1.045270875096,849.7,2016,0,5.0
5,3,3.466143593192,161.4666666667,2016,0,5.0
100,3,1.230304904282,850.4666666667,2016,0,5.0
5,4,2.388642631471,157.9,2016,0,5.0
100,4,1.059298751876,849.9333333333,2016,0,5.0
5,5,3.075626790524,158.2333333333,2016,0,5.0
100,5,1.212435062043,852.9666666667,2016,0,5.0
5,6,2.910197243094,158.8666666667,2016,0,5.0
100,6,0.5991089511663,852.9333333333,2016,0,5.0
5,7,1.811789095402,161.1666666667,2016,0,5.0
100,7,0.7134479936212,852.6666666667,2016,0,5.0
5,8,1.828046679497,159.7333333333,2016,0,5.0
100,8,0.8401279337704,854.4333333333,2016,0,5.0
5,9,1.568446956575,162.9,2016,0,5.0
100,9,1.159684642218,849.8,2016,0,5.0
5,10,1.864147000015,163.1666666667,2016,0,5.0
100,10,1.302446834743,850.0666666667,2016,0,5.0
5,11,1.761866390705,165.7333333333,2016,0,5.0
100,11,1.20391093567,848.9,2016,0,5.0
5,12,5.220588453114,165.4666666667,2016,0,5.0
100,12,1.246614038944,849.1,2016,0,5.0
5,1,2.70084567368,157.6666666667,2017,0,5.0
100,1,1.07109323144,851.9333333333,2017,0,5.0
5,2,2.124380350113,154.6333333333,2017,0,5.0
100,2,1.210165000521,854.5666666667,2017,0,5.0
5,3,2.213558673859,153.9,2017,0,5.0
100,3,0.8683697190136,854.6666666667,2017,0,5.0
5,4,2.236323922873,152.3333333333,2017,0,5.0
100,4,0.880407743156,856.8,2017,0,5.0
5,5,1.40085285902,156.3333333333,2017,0,5.0
100,5,0.8118707584217,854.2,2017,0,5.0
5,6,1.295407108963,159.6666666667,2017,0,5.0
100,6,0.6714023118839,851.7,2017,0,5.0
5,7,1.637438774109,163.4666666667,2017,0,5.0
100,7,0.6702480837703,853.1666666667,2017,0,5.0
5,8,1.463805884123,166.2333333333,2017,0,5.0
100,8,0.8246981110424,855.6666666667,2017,0,5.0
5,9,1.747108161449,167.1333333333,2017,0,5.0
100,9,1.33465591073,856.9,2017,0,5.0
5,10,1.466157883406,165.9666666667,2017,0,5.0
100,10,1.303166724741,858.9333333333,2017,0,5.0
5,11,1.829390600324,166.2666666667,2017,0,5.0
100,11,1.455083806068,861.2333333333,2017,0,5.0
5,12,5.509995877743,163.4,2017,0,5.0
100,12,1.422645051032,863.7666666667,2017,0,5.0
5,1,3.625582762063,164.4333333333,2018,0,5.0
100,1,1.167842430063,864.7,2018,0,5.0
5,2,3.097595617175,164.9666666667,2018,0,5.0
100,2,0.9016519784927,863.6,2018,0,5.0
5,3,2.361981868744,164.8333333333,2018,0,5.0
100,3,0.8444513194263,864.4666666667,2018,0,5.0
5,4,2.288632795215,164.8,2018,0,5.0
100,4,0.8742515221238,862.8333333333,2018,0,5.0
5,5,2.724979795516,165.2,2018,0,5.0
100,5,0.6490142829716,862.3333333333,2018,0,5.0
5,6,1.318218290806,166.1333333333,2018,0,5.0
100,6,0.4099217606708,860.7333333333,2018,0,5.0
5,7,0.5889471769333,165.2666666667,2018,0,5.0
100,7,0.6213486976922,861.5666666667,2018,0,5.0
5,8,0.6592414453626,166.1,2018,0,5.0
100,8,0.6220948286355,860.5333333333,2018,0,5.0
5,9,1.394250169396,165.8,2018,0,5.0
100,9,0.9188257483765,860.7,2018,0,5.0
5,10,1.090203076601,167.4,2018,0,5.0
100,10,1.245782069862,859.4333333333,2018,0,5.0
5,11,1.897620484233,166.7,2018,0,5.0
100,11,1.373617815785,859.1666666667,2018,0,5.0
5,12,5.399840310216,166.7333333333,2018,0,5.0
100,12,1.388371346518,858.8,2018,0,5.0
5,1,2.79646897316,200.1333333333,2015,0,8.0
100,1,0.9900007862598,823.4,2015,0,8.0
5,2,2.309357300401,200.2,2015,0,8.0
100,2,1.092637564987,824,2015,0,8.0
5,3,2.111980885267,195.8666666667,2015,0,8.0
100,3,0.7974591124803,823.8666666667,2015,0,8.0
5,4,2.058149814606,189.1666666667,2015,0,8.0
100,4,0.6912878733128,827.2,2015,0,8.0
5,5,1.879105195403,187.7666666667,2015,0,8.0
100,5,0.6011971905828,829.7333333333,2015,0,8.0
5,6,2.056338071823,189.3333333333,2015,0,8.0
100,6,0.6168517637998,828.4,2015,0,8.0
5,7,1.017776250839,191.2666666667,2015,0,8.0
100,7,0.4128292240202,825.2,2015,0,8.0
5,8,2.49386818707,190.2666666667,2015,0,8.0
100,8,0.8404362704605,825.1666666667,2015,0,8.0
5,9,3.727769166231,189.3,2015,0,8.0
100,9,1.430389468558,825.0666666667,2015,0,8.0
5,10,3.947322547436,191.1,2015,0,8.0
100,10,1.614257879555,821.5333333333,2015,0,8.0
5,11,4.210066303611,190.7333333333,2015,0,8.0
100,11,1.638823715039,824.0666666667,2015,0,8.0
5,12,3.584078609943,190.1,2015,0,8.0
100,12,1.564559869468,824.3,2015,0,8.0
5,1,2.668985113502,186.9,2016,0,8.0
100,1,1.056737311184,828.9666666667,2016,0,8.0
5,2,3.503999903798,187.5,2016,0,8.0
100,2,1.144982904196,828.8333333333,2016,0,8.0
5,3,2.441692337394,184.3666666667,2016,0,8.0
100,3,1.05520979315,830.1666666667,2016,0,8.0
5,4,3.225428305566,184.8333333333,2016,0,8.0
100,4,0.9788264427334,832.8,2016,0,8.0
5,5,2.460823662579,182.9333333333,2016,0,8.0
100,5,0.7877697665244,834,2016,0,8.0
5,6,1.775675743818,185,2016,0,8.0
100,6,0.6558980885893,834.7333333333,2016,0,8.0
5,7,1.714853584766,184.4666666667,2016,0,8.0
100,7,0.6721377111971,832.6666666667,2016,0,8.0
5,8,1.197157457471,182.9333333333,2016,0,8.0
100,8,0.4980535246432,830.5666666667,2016,0,8.0
5,9,1.728597477078,183,2016,0,8.0
100,9,1.300648651086,832.5333333333,2016,0,8.0
5,10,2.132943868637,182.5333333333,2016,0,8.0
100,10,1.516034968197,834.6333333333,2016,0,8.0
5,11,2.18443954736,183.8,2016,0,8.0
100,11,1.491228081286,832.2,2016,0,8.0
5,12,4.41856187582,181.7333333333,2016,0,8.0
100,12,1.053222209215,831.7333333333,2016,0,8.0
5,1,3.037167191505,180.2666666667,2017,0,8.0
100,1,1.096052234061,832.5333333333,2017,0,8.0
5,2,2.976830363274,179.8333333333,2017,0,8.0
100,2,0.9485067753121,833.7666666667,2017,0,8.0
5,3,1.743523806334,181.4333333333,2017,0,8.0
100,3,0.69984818995,834.4666666667,2017,0,8.0
5,4,2.042050205171,184.7,2017,0,8.0
100,4,0.4982935134321,830.1666666667,2017,0,8.0
5,5,1.905490629375,185.1666666667,2017,0,8.0
100,5,0.6306759007275,829.5333333333,2017,0,8.0
5,6,2.101097345352,185.3,2017,0,8.0
100,6,0.6026255479082,827.7666666667,2017,0,8.0
5,7,1.758251577616,186.8333333333,2017,0,8.0
100,7,0.6465899124742,827.9333333333,2017,0,8.0
5,8,0.7849462330341,186,2017,0,8.0
100,8,0.6743513401598,829.9333333333,2017,0,8.0
5,9,1.317689567804,184.6666666667,2017,0,8.0
100,9,0.9228268610314,830.6,2017,0,8.0
5,10,1.863943070173,182.7666666667,2017,0,8.0
100,10,1.610121931881,831.2,2017,0,8.0
5,11,1.60439568758,182,2017,0,8.0
100,11,1.430456677452,833.5333333333,2017,0,8.0
5,12,5.714545562863,183.1,2017,0,8.0
100,12,1.223219621927,835.5,2017,0,8.0
5,1,3.363751262426,184.4666666667,2018,0,8.0
100,1,1.104959160089,836.8333333333,2018,0,8.0
5,2,2.851562418044,183.4666666667,2018,0,8.0
100,2,0.8582416623831,836.4,2018,0,8.0
5,3,2.882460981607,181.5,2018,0,8.0
100,3,0.7858538143337,836.0333333333,2018,0,8.0
5,4,2.407916396856,181.9,2018,0,8.0
100,4,0.8733102120459,835.9,2018,0,8.0
5,5,2.362884253263,185.3666666667,2018,0,8.0
100,5,0.4520575245842,834.3333333333,2018,0,8.0
5,6,1.686811193824,187.5333333333,2018,0,8.0
100,6,0.6865020440891,832.9666666667,2018,0,8.0
5,7,1.122061423957,184.3333333333,2018,0,8.0
100,7,0.524069711566,835.7666666667,2018,0,8.0
5,8,0.7280144840479,183.8333333333,2018,0,8.0
100,8,0.5963576836511,836.4666666667,2018,0,8.0
5,9,0.8594457879663,184.0333333333,2018,0,8.0
100,9,1.015944937244,838.3,2018,0,8.0
5,10,1.390602327883,183.7333333333,2018,0,8.0
100,10,1.216473598033,840.1333333333,2018,0,8.0
5,11,2.488024994731,180.9333333333,2018,0,8.0
100,11,1.912132445723,839.9,2018,0,8.0
5,12,6.12483894825,180.7666666667,2018,0,8.0
100,12,1.435010556132,839.3666666667,2018,0,8.0
5,1,2.74618281424,150.6333333333,2015,0,15.0
100,1,1.028872886673,827.7666666667,2015,0,15.0
5,2,3.124451212585,151.8666666667,2015,0,15.0
100,2,0.9826810546219,829.5333333333,2015,0,15.0
5,3,1.730230614543,154.7,2015,0,15.0
100,3,0.7780637927353,828.7666666667,2015,0,15.0
5,4,2.825313739479,159.3333333333,2015,0,15.0
100,4,0.9274421045557,826.4666666667,2015,0,15.0
5,5,1.817804574966,160.6333333333,2015,0,15.0
100,5,0.78272304032,823.8333333333,2015,0,15.0
5,6,1.735579870641,161.2333333333,2015,0,15.0
100,6,0.4745074212551,820.5,2015,0,15.0
5,7,2.04248701036,160.8333333333,2015,0,15.0
100,7,0.5186553485692,821.0333333333,2015,0,15.0
5,8,1.519250720739,160.1666666667,2015,0,15.0
100,8,0.5188660183921,820.7,2015,0,15.0
5,9,3.883773416281,162.9,2015,0,15.0
100,9,1.557483631186,820.2333333333,2015,0,15.0
5,10,4.893357843161,164.1,2015,0,15.0
100,10,1.379541540518,820.2,2015,0,15.0
5,11,4.681423380971,161.1333333333,2015,0,15.0
100,11,1.742877941579,823.7333333333,2015,0,15.0
5,12,2.85449694097,161.9666666667,2015,0,15.0
100,12,1.374402791262,823.2666666667,2015,0,15.0
5,1,3.554473400116,164.3,2016,0,15.0
100,1,1.24094389379,823.5666666667,2016,0,15.0
5,2,2.939400076866,165.5666666667,2016,0,15.0
100,2,0.8250918462873,825.7666666667,2016,0,15.0
5,3,1.943786881864,169,2016,0,15.0
100,3,0.8992689326406,825.3,2016,0,15.0
5,4,1.913220763206,171.7,2016,0,15.0
100,4,0.6511778719723,822.1,2016,0,15.0
5,5,2.875120058656,173.5,2016,0,15.0
100,5,0.534189786762,819.9333333333,2016,0,15.0
5,6,2.669361159205,173.2,2016,0,15.0
100,6,0.4617425035685,816.8333333333,2016,0,15.0
5,7,1.180780179799,175.1666666667,2016,0,15.0
100,7,0.7314928574488,815,2016,0,15.0
5,8,1.903612084687,172.5666666667,2016,0,15.0
100,8,0.5369840785861,815.6666666667,2016,0,15.0
5,9,2.632553488016,171,2016,0,15.0
100,9,1.340323984623,816.9666666667,2016,0,15.0
5,10,2.684357121587,167.7,2016,0,15.0
100,10,1.292956000194,818.6666666667,2016,0,15.0
5,11,3.305118247867,169.3333333333,2016,0,15.0
100,11,1.070686474442,818.1666666667,2016,0,15.0
5,12,4.870486438274,169.8666666667,2016,0,15.0
100,12,1.086176681332,817.7,2016,0,15.0
5,1,3.125000149012,175.2,2017,0,15.0
100,1,1.121512544341,813.6333333333,2017,0,15.0
5,2,3.118473663926,175.5666666667,2017,0,15.0
100,2,0.8675873782486,813.3666666667,2017,0,15.0
5,3,2.660145819187,173.8,2017,0,15.0
100,3,0.746573926881,814.8333333333,2017,0,15.0
5,4,1.99905578047,176.5,2017,0,15.0
100,4,0.6581697352231,813.3666666667,2017,0,15.0
5,5,1.513666272163,176.8333333333,2017,0,15.0
100,5,0.4347915397957,811.5,2017,0,15.0
5,6,1.851399533451,177.4333333333,2017,0,15.0
100,6,0.5242746230215,812.2333333333,2017,0,15.0
5,7,2.126879669726,177.3333333333,2017,0,15.0
100,7,0.5249424558133,811.2,2017,0,15.0
5,8,1.17407759279,176.1666666667,2017,0,15.0
100,8,0.7058799359947,810.1,2017,0,15.0
5,9,1.40848955512,181.4,2017,0,15.0
100,9,0.7830032929778,808,2017,0,15.0
5,10,1.810582414269,181.4333333333,2017,0,15.0
100,10,1.292620638385,809.4666666667,2017,0,15.0
5,11,2.167780160904,179.6,2017,0,15.0
100,11,1.099488311447,807.8,2017,0,15.0
5,12,5.493885278702,177.1666666667,2017,0,15.0
100,12,1.157394073904,809.4333333333,2017,0,15.0
5,1,4.100368335843,181,2018,0,15.0
100,1,1.09736006055,809.3666666667,2018,0,15.0
5,2,2.895780742168,184.8666666667,2018,0,15.0
100,2,0.8711934257299,810,2018,0,15.0
5,3,2.515871629119,183.7666666667,2018,0,15.0
100,3,0.6457253545523,810.2,2018,0,15.0
5,4,2.770148098469,184.4666666667,2018,0,15.0
100,4,0.6921142656356,808.6333333333,2018,0,15.0
5,5,2.466216266155,187.4666666667,2018,0,15.0
100,5,0.7702652178705,805.5666666667,2018,0,15.0
5,6,2.13753336668,187.8333333333,2018,0,15.0
100,6,0.5745888296515,804.6333333333,2018,0,15.0
5,7,1.308009326458,186.0333333333,2018,0,15.0
100,7,0.287175450474,804.9666666667,2018,0,15.0
5,8,0.934699088335,182.2333333333,2018,0,15.0
100,8,0.6783265946433,807.1333333333,2018,0,15.0
5,9,0.871281683445,181.5333333333,2018,0,15.0
100,9,0.6178522715345,807.3666666667,2018,0,15.0
5,10,1.93545434624,182.3,2018,0,15.0
100,10,1.117963572964,805.3333333333,2018,0,15.0
5,11,1.893644601107,179.9,2018,0,15.0
100,11,1.267256375402,806.4666666667,2018,0,15.0
5,12,6.704222738743,176.0333333333,2018,0,15.0
100,12,1.277484958991,809.5333333333,2018,0,15.0
5,1,2.863765954971,186.9333333333,2015,0,1.0
100,1,1.204944182187,868.3666666667,2015,0,1.0
5,2,2.27758962661,186.9666666667,2015,0,1.0
100,2,1.036772601306,868.4,2015,0,1.0
5,3,2.944076098502,185.9666666667,2015,0,1.0
100,3,1.021860047244,869.1666666667,2015,0,1.0
5,4,2.53425899148,182.4333333333,2015,0,1.0
100,4,0.7112835003063,872.3666666667,2015,0,1.0
5,5,1.531375415623,182.7333333333,2015,0,1.0
100,5,0.5851368382573,873.3,2015,0,1.0
5,6,1.697358675301,179.2,2015,0,1.0
100,6,0.5581679940224,871.9,2015,0,1.0
5,7,1.966375671327,179.4333333333,2015,0,1.0
100,7,0.4606470884755,871.6,2015,0,1.0
5,8,1.713615097106,177.5,2015,0,1.0
100,8,0.7124268114567,870.9666666667,2015,0,1.0
5,9,2.836966685951,175.8333333333,2015,0,1.0
100,9,1.246977118775,868.3666666667,2015,0,1.0
5,10,4.622873589396,176.3333333333,2015,0,1.0
100,10,1.611695582978,868.1333333333,2015,0,1.0
5,11,4.421730041504,176.1,2015,0,1.0
100,11,1.542391739786,867.7,2015,0,1.0
5,12,2.821255922318,172.5,2015,0,1.0
100,12,1.416740303859,867.3666666667,2015,0,1.0
5,1,2.858261466026,170.2666666667,2016,0,1.0
100,1,1.302221163176,868.9,2016,0,1.0
5,2,4.289071708918,170.2,2016,0,1.0
100,2,1.314257295802,870.2,2016,0,1.0
5,3,3.356486074626,170.3666666667,2016,0,1.0
100,3,1.089260442182,871.2333333333,2016,0,1.0
5,4,1.925180666149,170.6333333333,2016,0,1.0
100,4,0.9788146987557,870.1,2016,0,1.0
5,5,2.45248619467,173.6333333333,2016,0,1.0
100,5,0.8387591131032,870.3333333333,2016,0,1.0
5,6,1.988326758146,171.3333333333,2016,0,1.0
100,6,0.7518882974982,873.8,2016,0,1.0
5,7,1.707202941179,178.1666666667,2016,0,1.0
100,7,0.5845790114254,874.1333333333,2016,0,1.0
5,8,1.23728813231,177,2016,0,1.0
100,8,0.6940219085664,876.5333333333,2016,0,1.0
5,9,1.946666717529,175,2016,0,1.0
100,9,1.363341841847,874.5666666667,2016,0,1.0
5,10,2.475775070488,172,2016,0,1.0
100,10,1.627663219348,874.5666666667,2016,0,1.0
5,11,2.819077074528,172.6333333333,2016,0,1.0
100,11,1.311243582517,872.2,2016,0,1.0
5,12,5.141837306321,172.7333333333,2016,0,1.0
100,12,1.229850322008,870.5666666667,2016,0,1.0
5,1,2.670388892293,173.1333333333,2017,0,1.0
100,1,1.163045128807,868.2666666667,2017,0,1.0
5,2,2.907814800739,175.7333333333,2017,0,1.0
100,2,0.9975364692509,865.9666666667,2017,0,1.0
5,3,2.735106647015,177.9333333333,2017,0,1.0
100,3,0.8851379938424,865.9666666667,2017,0,1.0
5,4,2.37718641758,179.1333333333,2017,0,1.0
100,4,0.8005926087499,866.2333333333,2017,0,1.0
5,5,2.19548869133,177.3333333333,2017,0,1.0
100,5,0.601779079996,869.3666666667,2017,0,1.0
5,6,1.910994797945,178.2666666667,2017,0,1.0
100,6,0.532990058884,867.4333333333,2017,0,1.0
5,7,1.673697680235,181.7333333333,2017,0,1.0
100,7,0.5331334602088,867.2,2017,0,1.0
5,8,1.131886176765,182.7333333333,2017,0,1.0
100,8,0.7700126757845,869.0333333333,2017,0,1.0
5,9,1.648599840701,184.5,2017,0,1.0
100,9,1.035461025313,869.5,2017,0,1.0
5,10,1.310592442751,185.6666666667,2017,0,1.0
100,10,1.206194285303,867.4666666667,2017,0,1.0
5,11,2.550161115825,186.0666666667,2017,0,1.0
100,11,1.377464536577,865.6,2017,0,1.0
5,12,6.067024424672,186.5,2017,0,1.0
100,12,1.057031401433,863.2666666667,2017,0,1.0
5,1,3.655221760273,186.4,2018,0,1.0
100,1,1.157923275605,861.6,2018,0,1.0
5,2,3.624954745173,184.6,2018,0,1.0
100,2,0.9768063956872,859.4333333333,2018,0,1.0
5,3,2.406152844429,182.0333333333,2018,0,1.0
100,3,0.7771669561043,861.0333333333,2018,0,1.0
5,4,2.52429895103,178.3333333333,2018,0,1.0
100,4,0.8754013385624,861.7,2018,0,1.0
5,5,2.435137063265,179.8666666667,2018,0,1.0
100,5,0.7923094704747,859.9333333333,2018,0,1.0
5,6,1.807261973619,181.7666666667,2018,0,1.0
100,6,0.5226393258199,861.3333333333,2018,0,1.0
5,7,1.413945704699,180.7,2018,0,1.0
100,7,0.4089714987203,862.7333333333,2018,0,1.0
5,8,0.8666667118669,182.5,2018,0,1.0
100,8,0.4791505839676,863.3333333333,2018,0,1.0
5,9,0.5912526771426,185.2,2018,0,1.0
100,9,0.9723187107593,863.4,2018,0,1.0
5,10,1.193026989698,183.5666666667,2018,0,1.0
100,10,1.081294259988,866.4,2018,0,1.0
5,11,2.180324792862,178.5666666667,2018,0,1.0
100,11,1.556293979287,867.7666666667,2018,0,1.0
5,12,6.287147402763,176.1,2018,0,1.0
100,12,1.149429729208,867.9666666667,2018,0,1.0
5,1,2.722838558257,174.2666666667,2015,0,2.0
100,1,0.9584062770009,875.9333333333,2015,0,2.0
5,2,2.456730753183,173.3333333333,2015,0,2.0
100,2,0.9287531785667,877.7,2015,0,2.0
5,3,2.041859485209,172.8,2015,0,2.0
100,3,0.8450036011636,878.3,2015,0,2.0
5,4,1.96955087781,172.9666666667,2015,0,2.0
100,4,0.5960880992934,877.6666666667,2015,0,2.0
5,5,1.876785434783,175.0333333333,2015,0,2.0
100,5,0.4858892317861,876.4,2015,0,2.0
5,6,1.264677509665,173.1666666667,2015,0,2.0
100,6,0.5001712962985,875.7,2015,0,2.0
5,7,1.638688288629,170.7666666667,2015,0,2.0
100,7,0.4591545090079,874.4333333333,2015,0,2.0
5,8,2.528701536357,168.4,2015,0,2.0
100,8,0.5423270333558,874.9333333333,2015,0,2.0
5,9,3.211357742548,166.7,2015,0,2.0
100,9,1.18249037303,874.5666666667,2015,0,2.0
5,10,4.295802265406,169.9333333333,2015,0,2.0
100,10,1.685815713368,873.2666666667,2015,0,2.0
5,11,3.893717765808,168.7333333333,2015,0,2.0
100,11,1.672713384032,872.8333333333,2015,0,2.0
5,12,2.963366247714,168.3333333333,2015,0,2.0
100,12,1.406953646801,873.4,2015,0,2.0
5,1,2.714027367532,165.8666666667,2016,0,2.0
100,1,1.336486369371,873.9333333333,2016,0,2.0
5,2,2.687562078238,167.5,2016,0,2.0
100,2,1.293931519613,874.4666666667,2016,0,2.0
5,3,3.439254328609,166.2666666667,2016,0,2.0
100,3,1.250571068376,875.6,2016,0,2.0
5,4,2.336934804916,166.6,2016,0,2.0
100,4,1.015163644217,874.9,2016,0,2.0
5,5,2.303073376417,163.7666666667,2016,0,2.0
100,5,0.8752997685224,875.7,2016,0,2.0
5,6,1.513580828905,160.7666666667,2016,0,2.0
100,6,0.6378452479839,877.4333333333,2016,0,2.0
5,7,1.499281227589,162.3,2016,0,2.0
100,7,0.5845344197005,874.2,2016,0,2.0
5,8,0.8884381055832,164.3333333333,2016,0,2.0
100,8,0.5714667616412,872.9,2016,0,2.0
5,9,1.692540250719,165.3333333333,2016,0,2.0
100,9,0.9460644312203,874.5,2016,0,2.0
5,10,2.046865522861,166.4333333333,2016,0,2.0
100,10,1.27850753814,875.5,2016,0,2.0
5,11,2.201005071402,165.8333333333,2016,0,2.0
100,11,1.443620488048,876.5,2016,0,2.0
5,12,4.828042201698,163.8,2016,0,2.0
100,12,1.26053134352,878.3333333333,2016,0,2.0
5,1,3.722255565226,166.7,2017,0,2.0
100,1,1.182805914432,874.3333333333,2017,0,2.0
5,2,2.352467298508,165.5,2017,0,2.0
100,2,0.9189395494759,873.8333333333,2017,0,2.0
5,3,2.369168281555,164.3333333333,2017,0,2.0
100,3,0.9292825683951,877.2,2017,0,2.0
5,4,2.322454825044,162.4,2017,0,2.0
100,4,0.6914188154042,879.8333333333,2017,0,2.0
5,5,2.15536544472,163.7,2017,0,2.0
100,5,0.566384059377,880.7333333333,2017,0,2.0
5,6,1.769697010517,165,2017,0,2.0
100,6,0.5814747232944,878.8,2017,0,2.0
5,7,1.602794334292,167,2017,0,2.0
100,7,0.4717196393758,876.9333333333,2017,0,2.0
5,8,1.113483868539,163.9,2017,0,2.0
100,8,0.7075794590637,876.9333333333,2017,0,2.0
5,9,1.120777912438,162.8333333333,2017,0,2.0
100,9,1.096512898803,876.5666666667,2017,0,2.0
5,10,1.260154373944,164.1333333333,2017,0,2.0
100,10,1.359042586759,877.3333333333,2017,0,2.0
5,11,1.536380030215,166.3,2017,0,2.0
100,11,1.348042955622,875.4666666667,2017,0,2.0
5,12,6.205221712589,164.7,2017,0,2.0
100,12,1.265044215135,875.2,2017,0,2.0
5,1,3.296868726611,166.0666666667,2018,0,2.0
100,1,1.071197161451,874.5666666667,2018,0,2.0
5,2,2.564745992422,166.0333333333,2018,0,2.0
100,2,0.9013372706249,877.4,2018,0,2.0
5,3,1.943079411983,162.8,2018,0,2.0
100,3,0.7742717787623,879.9666666667,2018,0,2.0
5,4,1.426661133766,162.0333333333,2018,0,2.0
100,4,0.7607913017273,879.5666666667,2018,0,2.0
5,5,1.829956054688,159.5666666667,2018,0,2.0
100,5,0.5506940186024,883.7333333333,2018,0,2.0
5,6,1.867007732391,156.4,2018,0,2.0
100,6,0.3698352500796,888.2333333333,2018,0,2.0
5,7,0.7205527201295,151.9666666667,2018,0,2.0
100,7,0.4764657747,893.7333333333,2018,0,2.0
5,8,0.5758395418525,147.9,2018,0,2.0
100,8,0.5155367162079,896.8,2018,0,2.0
5,9,1.40543603152,147.1666666667,2018,0,2.0
100,9,1.015355531126,898.7,2018,0,2.0
5,10,1.243470311165,146.7666666667,2018,0,2.0
100,10,1.36330015026,901.3666666667,2018,0,2.0
5,11,1.810597538948,147.8333333333,2018,0,2.0
100,11,1.46949107293,902.4666666667,2018,0,2.0
5,12,4.231643691659,146.6333333333,2018,0,2.0
100,12,1.238154895604,904.0333333333,2018,0,2.0
5,1,1.910994663835,171.9,2015,0,4.0
100,1,1.049185551703,834.9333333333,2015,0,4.0
5,2,2.361764810979,170,2015,0,4.0
100,2,1.059822579846,838.0333333333,2015,0,4.0
5,3,1.998826622963,170.4333333333,2015,0,4.0
100,3,0.916829450056,836.0333333333,2015,0,4.0
5,4,3.146551698446,174,2015,0,4.0
100,4,0.9927206076682,833.4,2015,0,4.0
5,5,1.665082633495,175.3666666667,2015,0,4.0
100,5,0.5406541470438,832.6333333333,2015,0,4.0
5,6,1.402228176594,173.5333333333,2015,0,4.0
100,6,0.7267152424902,837.1,2015,0,4.0
5,7,1.660663425922,175.8333333333,2015,0,4.0
100,7,0.4368641506881,835.5,2015,0,4.0
5,8,1.840679816902,178.4666666667,2015,0,4.0
100,8,0.5394232394174,834.5333333333,2015,0,4.0
5,9,3.475541263819,178.5333333333,2015,0,4.0
100,9,0.8907781792805,833.1666666667,2015,0,4.0
5,10,4.729729518294,180.0666666667,2015,0,4.0
100,10,1.929592721164,832.3,2015,0,4.0
5,11,3.541094504297,182.1,2015,0,4.0
100,11,1.330036465079,832.4333333333,2015,0,4.0
5,12,4.329619199038,185.4666666667,2015,0,4.0
100,12,1.681690658443,832,2015,0,4.0
5,1,3.868137650192,191.8666666667,2016,0,4.0
100,1,1.213985138573,831.8333333333,2016,0,4.0
5,2,2.679133102298,190.7333333333,2016,0,4.0
100,2,0.9890810362995,836.4666666667,2016,0,4.0
5,3,2.992847271264,191.0666666667,2016,0,4.0
100,3,1.10500318557,836.8,2016,0,4.0
5,4,2.907079719007,188.3333333333,2016,0,4.0
100,4,0.8991934098303,838.9,2016,0,4.0
5,5,2.265874519944,187.9333333333,2016,0,4.0
100,5,0.927020907402,839.9666666667,2016,0,4.0
5,6,1.236626207829,186.9333333333,2016,0,4.0
100,6,0.7100603338331,839.6,2016,0,4.0
5,7,0.9712613001466,187.9,2016,0,4.0
100,7,0.5958116110414,837.2333333333,2016,0,4.0
5,8,1.033994317055,188.2666666667,2016,0,4.0
100,8,0.6702594831586,835,2016,0,4.0
5,9,1.440617069602,185.8,2016,0,4.0
100,9,1.235465151258,837.0666666667,2016,0,4.0
5,10,2.207792237401,187.3666666667,2016,0,4.0
100,10,1.234236392193,837.9,2016,0,4.0
5,11,2.851562418044,183.4666666667,2016,0,4.0
100,11,1.375828301534,840.1,2016,0,4.0
5,12,5.234418019652,181.3,2016,0,4.0
100,12,1.259719113819,840.2666666667,2016,0,4.0
5,1,3.390302881598,179.4333333333,2017,0,4.0
100,1,1.111836403608,842.6,2017,0,4.0
5,2,2.477072566748,181.7333333333,2017,0,4.0
100,2,0.8675329014659,841.4666666667,2017,0,4.0
5,3,2.357011139393,180.6666666667,2017,0,4.0
100,3,0.8215851187706,844.1,2017,0,4.0
5,4,2.115744240582,178.2666666667,2017,0,4.0
100,4,0.8504126667976,844.1,2017,0,4.0
5,5,2.270927712321,176.8,2017,0,4.0
100,5,0.6040189303458,846,2017,0,4.0
5,6,1.361178457737,178.7666666667,2017,0,4.0
100,6,0.359903764911,845.1333333333,2017,0,4.0
5,7,1.435124583542,178.0333333333,2017,0,4.0
100,7,0.7328740367666,846.6666666667,2017,0,4.0
5,8,1.232414156199,177.7,2017,0,4.0
100,8,1.048850570805,846.8,2017,0,4.0
5,9,1.627950131893,179.3666666667,2017,0,4.0
100,9,0.9780124202371,845.9333333333,2017,0,4.0
5,10,2.073470950127,176.0333333333,2017,0,4.0
100,10,1.130163807422,850.4666666667,2017,0,4.0
5,11,2.241412401199,173.7,2017,0,4.0
100,11,1.417281146161,849.8666666667,2017,0,4.0
5,12,5.291900038719,172.4333333333,2017,0,4.0
100,12,1.214570943266,851.4666666667,2017,0,4.0
5,1,3.744328379631,168.9666666667,2018,0,4.0
100,1,1.253756999969,853.9666666667,2018,0,4.0
5,2,3.011196255684,169.7,2018,0,4.0
100,2,0.7969432547688,854.9333333333,2018,0,4.0
5,3,3.367687545717,169.8,2018,0,4.0
100,3,1.070674275979,852.2666666667,2018,0,4.0
5,4,2.520221024752,168.9666666667,2018,0,4.0
100,4,0.6736961919814,848.8,2018,0,4.0
5,5,1.990507006645,165.0333333333,2018,0,4.0
100,5,0.6015539076179,849.4666666667,2018,0,4.0
5,6,2.016162067652,162.9333333333,2018,0,4.0
100,6,0.3440826460719,848.6333333333,2018,0,4.0
5,7,1.356877371669,161.4,2018,0,4.0
100,7,0.4731507953256,848.5666666667,2018,0,4.0
5,8,0.8242660313845,162.3666666667,2018,0,4.0
100,8,0.5164891183376,848.0333333333,2018,0,4.0
5,9,0.8382045999169,159.6666666667,2018,0,4.0
100,9,0.8481685891747,846.3333333333,2018,0,4.0
5,10,1.62911798805,156.8333333333,2018,0,4.0
100,10,1.045188883319,849.7666666667,2018,0,4.0
5,11,1.964478008449,154.8333333333,2018,0,4.0
100,11,1.397429399192,853.2333333333,2018,0,4.0
5,12,6.535919576883,156.3666666667,2018,0,4.0
100,12,1.326961386949,852.7,2018,0,4.0
5,1,2.261752218008,156,2015,0,3.0
100,1,0.8093816712499,781.6666666667,2015,0,3.0
5,2,2.408471696079,156.6,2015,0,3.0
100,2,0.888874668628,780.2,2015,0,3.0
5,3,2.442262083292,154.4333333333,2015,0,3.0
100,3,0.6854752674699,780.9666666667,2015,0,3.0
5,4,1.970416679978,154.3666666667,2015,0,3.0
100,4,0.5282649435103,783.0666666667,2015,0,3.0
5,5,1.569554954767,155.0333333333,2015,0,3.0
100,5,0.5577486343682,785.3,2015,0,3.0
5,6,1.861453413963,156.8666666667,2015,0,3.0
100,6,0.5720034046099,787,2015,0,3.0
5,7,1.947289891541,156.2,2015,0,3.0
100,7,0.5107925953344,786.0333333333,2015,0,3.0
5,8,2.348777353764,155.4,2015,0,3.0
100,8,0.4654622823,784.1666666667,2015,0,3.0
5,9,2.904925733805,154.9666666667,2015,0,3.0
100,9,0.8086919486523,782.3333333333,2015,0,3.0
5,10,4.539995521307,155.4333333333,2015,0,3.0
100,10,1.675877854228,784.0666666667,2015,0,3.0
5,11,3.741921037436,149.5666666667,2015,0,3.0
100,11,1.464748890139,789.1,2015,0,3.0
5,12,3.00177822262,149.9666666667,2015,0,3.0
100,12,1.310509382747,789.1333333333,2015,0,3.0
5,1,4.704444423318,150,2016,0,3.0
100,1,1.251057864167,787.7333333333,2016,0,3.0
5,2,2.925851762295,149.7,2016,0,3.0
100,2,0.804100997746,786.8,2016,0,3.0
5,3,3.222958147526,151,2016,0,3.0
100,3,1.051115937531,787.1,2016,0,3.0
5,4,2.455707639456,148.6333333333,2016,0,3.0
100,4,1.06490485277,788.3333333333,2016,0,3.0
5,5,3.233022809029,146.7666666667,2016,0,3.0
100,5,0.7854761816561,789.9666666667,2016,0,3.0
5,6,1.927226819098,145.2,2016,0,3.0
100,6,0.7530209403485,791.7,2016,0,3.0
5,7,1.350913763046,144.1,2016,0,3.0
100,7,0.7827348187566,792.7333333333,2016,0,3.0
5,8,1.425453737378,145.1,2016,0,3.0
100,8,0.5853555724025,789.8333333333,2016,0,3.0
5,9,1.731811948121,147.5333333333,2016,0,3.0
100,9,1.081939451396,787.1666666667,2016,0,3.0
5,10,2.474576309323,147.5,2016,0,3.0
100,10,1.235717311502,787.6666666667,2016,0,3.0
5,11,2.632409334183,147.9,2016,0,3.0
100,11,1.373921468854,788.1333333333,2016,0,3.0
5,12,4.492056593299,148.9666666667,2016,0,3.0
100,12,1.301082093269,785.5,2016,0,3.0
5,1,2.816358059645,151.2,2017,0,3.0
100,1,0.8050218224525,785.9,2017,0,3.0
5,2,4.075087532401,152.2666666667,2017,0,3.0
100,2,0.9931128025055,784.0666666667,2017,0,3.0
5,3,2.341244369745,155.9,2017,0,3.0
100,3,1.073895645328,781.7333333333,2017,0,3.0
5,4,2.583801820874,160.1,2017,0,3.0
100,4,0.8870555385947,781.8,2017,0,3.0
5,5,2.123415797949,160.4333333333,2017,0,3.0
100,5,0.5600306913257,782.1,2017,0,3.0
5,6,2.066470988095,158.9666666667,2017,0,3.0
100,6,0.620299950242,784.5666666667,2017,0,3.0
5,7,1.207859396935,161.1666666667,2017,0,3.0
100,7,0.3719113469124,785.1333333333,2017,0,3.0
5,8,0.8380296230316,159.7,2017,0,3.0
100,8,0.8692693635821,783.8,2017,0,3.0
5,9,1.70734193176,163.9,2017,0,3.0
100,9,1.072797741741,782.5333333333,2017,0,3.0
5,10,1.227012045681,168.5666666667,2017,0,3.0
100,10,1.298487009481,777.7,2017,0,3.0
5,11,2.334302209318,172,2017,0,3.0
100,11,1.003134846687,776.2333333333,2017,0,3.0
5,12,5.288832820952,172.5333333333,2017,0,3.0
100,12,1.12524086237,778.5,2017,0,3.0
5,1,3.583942987025,173.1333333333,2018,0,3.0
100,1,0.8901296602562,779.1,2018,0,3.0
5,2,2.736447528005,173.4,2018,0,3.0
100,2,1.061454929411,779.4333333333,2018,0,3.0
5,3,2.250048160553,173.0333333333,2018,0,3.0
100,3,0.6719325073063,778.6,2018,0,3.0
5,4,2.262688875198,172.0666666667,2018,0,3.0
100,4,0.6531186047941,782.4,2018,0,3.0
5,5,1.720345616341,169.7333333333,2018,0,3.0
100,5,0.5102948639542,786.8,2018,0,3.0
5,6,1.662047170103,168.3666666667,2018,0,3.0
100,6,0.5240930840373,789.3,2018,0,3.0
5,7,1.453604102135,167.4,2018,0,3.0
100,7,0.4605097230524,792.6,2018,0,3.0
5,8,1.019349724054,167.1,2018,0,3.0
100,8,0.5657255379483,795.7333333333,2018,0,3.0
5,9,1.163578391075,167.3,2018,0,3.0
100,9,0.9006314864382,797.0333333333,2018,0,3.0
5,10,1.868110314012,169.3333333333,2018,0,3.0
100,10,1.088957062922,793.2666666667,2018,0,3.0
5,11,1.792026683688,169.7333333333,2018,0,3.0
100,11,1.216974781826,789.8,2018,0,3.0
5,12,6.310217425227,171.6,2018,0,3.0
100,12,1.111957356334,787.8,2018,0,3.0
5,1,2.951063930988,156.6666666667,2015,0,9.0
100,1,1.247523970902,858.2333333333,2015,0,9.0
5,2,2.349785417318,155.3333333333,2015,0,9.0
100,2,0.9954803995788,855.5333333333,2015,0,9.0
5,3,2.416702240705,156.0666666667,2015,0,9.0
100,3,0.8508158661425,858,2015,0,9.0
5,4,1.242817640305,156.6333333333,2015,0,9.0
100,4,0.6793330907822,859.6666666667,2015,0,9.0
5,5,1.742786042392,160.5666666667,2015,0,9.0
100,5,0.5093023404479,860,2015,0,9.0
5,6,2.045030146837,160.6333333333,2015,0,9.0
100,6,0.5784022007138,862.4333333333,2015,0,9.0
5,7,0.9032790362835,161.6333333333,2015,0,9.0
100,7,0.5370972752571,860.8,2015,0,9.0
5,8,1.680267870426,159.3,2015,0,9.0
100,8,0.5665502697229,859,2015,0,9.0
5,9,3.487019762397,160.5,2015,0,9.0
100,9,1.222018886358,856.2333333333,2015,0,9.0
5,10,5.422682672739,159.3,2015,0,9.0
100,10,1.659864697605,857.6,2015,0,9.0
5,11,3.891257941723,156.3333333333,2015,0,9.0
100,11,1.440901016816,861.2666666667,2015,0,9.0
5,12,3.358656078577,155.7666666667,2015,0,9.0
100,12,1.368414962664,862.4333333333,2015,0,9.0
5,1,2.392683416605,157.6333333333,2016,0,9.0
100,1,1.22767337691,862.2,2016,0,9.0
5,2,3.777989141643,157.8,2016,0,9.0
100,2,1.073155634105,861.6333333333,2016,0,9.0
5,3,2.447098255157,159.1,2016,0,9.0
100,3,0.9453034121543,862.3333333333,2016,0,9.0
5,4,2.59027338028,159.7,2016,0,9.0
100,4,0.7350036948919,860.7666666667,2016,0,9.0
5,5,2.372117333114,159,2016,0,9.0
100,5,0.9476111000404,860.2333333333,2016,0,9.0
5,6,2.274615615606,160.4666666667,2016,0,9.0
100,6,0.7474595457315,862.7,2016,0,9.0
5,7,1.420524321496,162.7333333333,2016,0,9.0
100,7,0.6774418205023,862.0666666667,2016,0,9.0
5,8,1.755862891674,166.3,2016,0,9.0
100,8,0.6078621195629,860.6666666667,2016,0,9.0
5,9,1.453314721584,167.4333333333,2016,0,9.0
100,9,0.9918478038162,858.6666666667,2016,0,9.0
5,10,2.577163614333,165.2333333333,2016,0,9.0
100,10,1.289752672426,858.4333333333,2016,0,9.0
5,11,2.387083530426,163.1,2016,0,9.0
100,11,1.486214026809,859.5666666667,2016,0,9.0
5,12,5.213221684098,163.3666666667,2016,0,9.0
100,12,1.092729358003,857.3333333333,2016,0,9.0
5,1,2.760629631579,163.0666666667,2017,0,9.0
100,1,0.8946426613256,856.7666666667,2017,0,9.0
5,2,3.136252105236,162.9333333333,2017,0,9.0
100,2,0.9097990393639,855.8666666667,2017,0,9.0
5,3,2.349948100746,160.5,2017,0,9.0
100,3,0.7281154571101,852.2,2017,0,9.0
5,4,3.105416148901,160.6333333333,2017,0,9.0
100,4,0.8275026585907,852.7666666667,2017,0,9.0
5,5,1.828810036182,159.6666666667,2017,0,9.0
100,5,0.6263650432229,854.6666666667,2017,0,9.0
5,6,1.503604501486,161.8333333333,2017,0,9.0
100,6,0.5128605589271,854.0333333333,2017,0,9.0
5,7,2.021123819053,162.5333333333,2017,0,9.0
100,7,0.4425799837336,852.2,2017,0,9.0
5,8,1.143483705819,159.6,2017,0,9.0
100,8,0.7701023910195,853.1333333333,2017,0,9.0
5,9,1.146356798708,159.2,2017,0,9.0
100,9,0.8699304787442,853.1333333333,2017,0,9.0
5,10,1.455403968692,158.8333333333,2017,0,9.0
100,10,1.381173439324,854.4666666667,2017,0,9.0
5,11,1.673613995314,159.9333333333,2017,0,9.0
100,11,1.138623505831,854.8333333333,2017,0,9.0
5,12,6.712300479412,163.1333333333,2017,0,9.0
100,12,1.410531668924,853.9333333333,2017,0,9.0
5,1,2.654009342194,165.0333333333,2018,0,9.0
100,1,1.223495494574,855.2,2018,0,9.0
5,2,3.195886693895,163.7,2018,0,9.0
100,2,0.9217888023704,857.9333333333,2018,0,9.0
5,3,2.936443984509,165.7333333333,2018,0,9.0
100,3,0.7370015271008,858.4333333333,2018,0,9.0
5,4,1.897620484233,166.7,2018,0,9.0
100,4,0.678648903966,860.5333333333,2018,0,9.0
5,5,2.559607252479,166.3666666667,2018,0,9.0
100,5,0.5093023404479,860,2018,0,9.0
5,6,1.676987655461,166.8666666667,2018,0,9.0
100,6,0.4662279803306,861.1666666667,2018,0,9.0
5,7,0.9512831121683,166.2666666667,2018,0,9.0
100,7,0.4388380423188,859.4666666667,2018,0,9.0
5,8,0.8726837933064,167.3,2018,0,9.0
100,8,0.4975851066411,855.8,2018,0,9.0
5,9,1.08180206269,168.7,2018,0,9.0
100,9,0.9677922353148,854.8666666667,2018,0,9.0
5,10,1.69340801239,172.4333333333,2018,0,9.0
100,10,1.04200072214,852.3666666667,2018,0,9.0
5,11,2.460042275488,173.1,2018,0,9.0
100,11,1.243782050908,851.0333333333,2018,0,9.0
5,12,6.718659251928,172.0333333333,2018,0,9.0
100,12,1.15700700134,851.7666666667,2018,0,9.0
5,1,2.37441265583,184.4666666667,2015,0,16.0
100,1,1.256557412446,813.3333333333,2015,0,16.0
5,2,2.126729726791,183.0666666667,2015,0,16.0
100,2,0.8811374632642,814.6666666667,2015,0,16.0
5,3,2.536576345563,182.2666666667,2015,0,16.0
100,3,1.086398113519,817.5333333333,2015,0,16.0
5,4,2.149429559708,181.1333333333,2015,0,16.0
100,4,0.6693972274661,817.9,2015,0,16.0
5,5,1.888047218323,180.4333333333,2015,0,16.0
100,5,0.7422923576087,819.5333333333,2015,0,16.0
5,6,1.69326402247,179.6333333333,2015,0,16.0
100,6,0.6548686958849,817.4666666667,2015,0,16.0
5,7,1.838962465525,178.6333333333,2015,0,16.0
100,7,0.4454660229385,819.3666666667,2015,0,16.0
5,8,2.069943398237,176.3333333333,2015,0,16.0
100,8,0.6968761337921,820.5666666667,2015,0,16.0
5,9,2.859736397862,174.4333333333,2015,0,16.0
100,9,1.260154326446,820.6666666667,2015,0,16.0
5,10,4.986530467868,173.2333333333,2015,0,16.0
100,10,1.69022661075,820.6,2015,0,16.0
5,11,4.467143714428,177.0333333333,2015,0,16.0
100,11,1.620570233092,818.3333333333,2015,0,16.0
5,12,3.990574717522,176.8333333333,2015,0,16.0
100,12,1.352732779458,818.4666666667,2015,0,16.0
5,1,2.346379160881,176.3,2016,0,16.0
100,1,1.185497939587,821.0333333333,2016,0,16.0
5,2,3.18354177475,175.8,2016,0,16.0
100,2,1.052214853466,820.9666666667,2016,0,16.0
5,3,3.120817989111,179.3333333333,2016,0,16.0
100,3,0.9358212416992,819.0666666667,2016,0,16.0
5,4,2.773656606674,184.2333333333,2016,0,16.0
100,4,1.02657641843,817.7666666667,2016,0,16.0
5,5,2.048334613442,184.1333333333,2016,0,16.0
100,5,0.8309956341982,819.9,2016,0,16.0
5,6,2.637283205986,184.5333333333,2016,0,16.0
100,6,0.6060667484999,823.0666666667,2016,0,16.0
5,7,1.322943121195,183.9333333333,2016,0,16.0
100,7,0.4722435474396,824.4333333333,2016,0,16.0
5,8,1.601462602615,182.3333333333,2016,0,16.0
100,8,0.5609252881259,824.2333333333,2016,0,16.0
5,9,1.203737586737,181.9333333333,2016,0,16.0
100,9,0.8259253203869,824.9333333333,2016,0,16.0
5,10,1.950432963669,180.9,2016,0,16.0
100,10,1.384472569451,826.0666666667,2016,0,16.0
5,11,2.367055751383,179.9,2016,0,16.0
100,11,1.649451240897,826.1333333333,2016,0,16.0
5,12,5.08431109786,181.8666666667,2016,0,16.0
100,12,1.029536221176,827.2333333333,2016,0,16.0
5,1,2.95057874918,181.4333333333,2017,0,16.0
100,1,1.340070991777,826.2,2017,0,16.0
5,2,2.977382421494,179.8,2017,0,16.0
100,2,0.9414799213409,827.0666666667,2017,0,16.0
5,3,2.238015666604,179.4,2017,0,16.0
100,3,0.750151139684,827.1666666667,2017,0,16.0
5,4,2.634159855545,180.1333333333,2017,0,16.0
100,4,0.9406837821007,827.7666666667,2017,0,16.0
5,5,2.163363695145,179.9666666667,2017,0,16.0
100,5,0.5717097027227,829.9666666667,2017,0,16.0
5,6,2.171811103821,179.2666666667,2017,0,16.0
100,6,0.5696734422818,832.9333333333,2017,0,16.0
5,7,1.080081343651,180.2333333333,2017,0,16.0
100,7,0.5845845863223,832.5,2017,0,16.0
5,8,1.154633402824,179.1333333333,2017,0,16.0
100,8,0.5991032440215,832.6333333333,2017,0,16.0
5,9,1.565063394606,178.8,2017,0,16.0
100,9,1.650988718495,832.7333333333,2017,0,16.0
5,10,1.899628341198,179.3333333333,2017,0,16.0
100,10,1.245333775878,830.4333333333,2017,0,16.0
5,11,1.763285070658,179.4,2017,0,16.0
100,11,1.228070184588,832.2,2017,0,16.0
5,12,5.621713235974,177.4666666667,2017,0,16.0
100,12,1.063672658056,835,2017,0,16.0
5,1,3.100073769689,180.5333333333,2018,0,16.0
100,1,0.8339011408389,831.6333333333,2018,0,16.0
5,2,2.166574001312,179.7,2018,0,16.0
100,2,1.038053295575,832.1666666667,2018,0,16.0
5,3,3.414969854057,181.7,2018,0,16.0
100,3,0.8336004652083,831.9333333333,2018,0,16.0
5,4,3.079038918018,181.7666666667,2018,0,16.0
100,4,0.8631954472512,831.6,2018,0,16.0
5,5,2.145087242126,181.5,2018,0,16.0
100,5,0.6570000154898,833.3333333333,2018,0,16.0
5,6,2.441018074751,179.4333333333,2018,0,16.0
100,6,0.6272981474176,834,2018,0,16.0
5,7,0.960706859827,177.3,2018,0,16.0
100,7,0.3934288909659,834.9666666667,2018,0,16.0
5,8,0.683136805892,178.1,2018,0,16.0
100,8,0.5680593838915,835.3,2018,0,16.0
5,9,0.7458666339517,179.4333333333,2018,0,16.0
100,9,0.670420050621,834.8,2018,0,16.0
5,10,0.9583646208048,177.7333333333,2018,0,16.0
100,10,1.067208706401,832.2333333333,2018,0,16.0
5,11,2.206688165665,176.4333333333,2018,0,16.0
100,11,1.621248520911,833,2018,0,16.0
5,12,6.234579607844,175.6333333333,2018,0,16.0
100,12,1.398300021887,835.3,2018,0,16.0
5,1,2.718678429723,174.5333333333,2015,0,14.0
100,1,1.079015173018,789.3,2015,0,14.0
5,2,2.477215304971,171.9,2015,0,14.0
100,2,1.063376141712,789.4666666667,2015,0,14.0
5,3,2.974966183305,171.7666666667,2015,0,14.0
100,3,1.01512786746,791.0333333333,2015,0,14.0
5,4,1.712944865227,170.4666666667,2015,0,14.0
100,4,0.7383059263229,791,2015,0,14.0
5,5,2.432379439473,170.0666666667,2015,0,14.0
100,5,0.5847386140376,790.6666666667,2015,0,14.0
5,6,1.476878553629,173,2015,0,14.0
100,6,0.6626836825162,789.4666666667,2015,0,14.0
5,7,2.113083824515,172.7333333333,2015,0,14.0
100,7,0.6462083347142,790.7666666667,2015,0,14.0
5,8,2.51327957958,169.4333333333,2015,0,14.0
100,8,0.6155662238598,790.6,2015,0,14.0
5,9,3.239644803107,169,2015,0,14.0
100,9,1.275149434805,791.9333333333,2015,0,14.0
5,10,5.09335707128,169.6,2015,0,14.0
100,10,1.721190720797,791.7,2015,0,14.0
5,11,4.304910860956,172.4,2015,0,14.0
100,11,1.401595087722,789.9333333333,2015,0,14.0
5,12,4.450357876718,172.2333333333,2015,0,14.0
100,12,1.628572609276,791.9,2015,0,14.0
5,1,3.420538902283,170.7333333333,2016,0,14.0
100,1,1.121045078151,792.2666666667,2016,0,14.0
5,2,2.766254588962,167.1333333333,2016,0,14.0
100,2,1.254716163501,795.1333333333,2016,0,14.0
5,3,3.137117750943,166.7666666667,2016,0,14.0
100,3,0.9008952369913,796.8,2016,0,14.0
5,4,2.527200803161,168.5,2016,0,14.0
100,4,0.9170854277909,796,2016,0,14.0
5,5,2.689167588949,167.4,2016,0,14.0
100,5,0.8845527302474,797.7666666667,2016,0,14.0
5,6,2.973523437977,163.6666666667,2016,0,14.0
100,6,0.8344070892781,801.9666666667,2016,0,14.0
5,7,1.555713437498,164.2333333333,2016,0,14.0
100,7,0.6212121397257,803,2016,0,14.0
5,8,1.313474670053,166.7333333333,2016,0,14.0
100,8,0.7885662093759,802.3,2016,0,14.0
5,9,2.020162016153,168.6333333333,2016,0,14.0
100,9,1.56835339684,799.0333333333,2016,0,14.0
5,10,2.306477069855,168.8,2016,0,14.0
100,10,1.574000381865,796.1666666667,2016,0,14.0
5,11,2.956341266632,168.7333333333,2016,0,14.0
100,11,1.461908202618,790.6333333333,2016,0,14.0
5,12,5.062512122095,170.6333333333,2016,0,14.0
100,12,1.126352719963,788.5333333333,2016,0,14.0
5,1,2.975543528795,171.7333333333,2017,0,14.0
100,1,1.15272863768,791.6,2017,0,14.0
5,2,2.72075689584,174.4,2017,0,14.0
100,2,1.044085491449,792.4,2017,0,14.0
5,3,2.575815334916,174.7666666667,2017,0,14.0
100,3,0.9524410609156,792,2017,0,14.0
5,4,2.662738546729,178.2,2017,0,14.0
100,4,0.5214943084866,793.2333333333,2017,0,14.0
5,5,1.942201897502,181.6666666667,2017,0,14.0
100,5,0.6597864516079,792.9333333333,2017,0,14.0
5,6,1.804945148528,182,2017,0,14.0
100,6,0.5998482853174,791.0333333333,2017,0,14.0
5,7,1.567644953728,186.2666666667,2017,0,14.0
100,7,0.5854791197926,789.6666666667,2017,0,14.0
5,8,1.435466602445,186.4666666667,2017,0,14.0
100,8,0.9748601233587,786.2666666667,2017,0,14.0
5,9,1.459999918938,183.3333333333,2017,0,14.0
100,9,1.316124373116,785.7666666667,2017,0,14.0
5,10,1.529980003834,182.9,2017,0,14.0
100,10,1.346806311049,785.9333333333,2017,0,14.0
5,11,2.626383841038,180.6666666667,2017,0,14.0
100,11,1.033863204531,788.4666666667,2017,0,14.0
5,12,5.813190899789,177.9,2017,0,14.0
100,12,1.610726878047,785.5666666667,2017,0,14.0
5,1,3.636961683631,177.3,2018,0,14.0
100,1,1.133202908561,783.7666666667,2018,0,14.0
5,2,3.814856171608,178.6,2018,0,14.0
100,2,0.8875474808738,781.3666666667,2018,0,14.0
5,3,2.351804077625,181.0666666667,2018,0,14.0
100,3,0.9669287018478,780.1333333333,2018,0,14.0
5,4,3.099367700517,184.5,2018,0,14.0
100,4,0.781383831054,778.5333333333,2018,0,14.0
5,5,2.336320318282,182.2666666667,2018,0,14.0
100,5,0.6879712492228,778.1333333333,2018,0,14.0
5,6,1.747376218438,181.0333333333,2018,0,14.0
100,6,0.6428816877306,775.9333333333,2018,0,14.0
5,7,0.976308748126,174.4666666667,2018,0,14.0
100,7,0.4863319918513,775.5333333333,2018,0,14.0
5,8,0.8402071595192,173.7666666667,2018,0,14.0
100,8,0.5165758989751,777.2333333333,2018,0,14.0
5,9,0.5483568310738,177.5,2018,0,14.0
100,9,0.8004730269313,775.1666666667,2018,0,14.0
5,10,1.821147575974,173.7,2018,0,14.0
100,10,1.006159305573,773.9,2018,0,14.0
5,11,2.597115367651,173.3333333333,2018,0,14.0
100,11,1.509889304638,773.5666666667,2018,0,14.0
5,12,6.089099228382,175.8333333333,2018,0,14.0
100,12,1.179601019248,773.5666666667,2018,0,14.0
5,1,2.882662564516,177.2666666667,2015,0,6.0
100,1,0.8563916049898,824,2015,0,6.0
5,2,2.066037654877,176.6666666667,2015,0,6.0
100,2,0.9047870673239,820.2666666667,2015,0,6.0
5,3,2.159763276577,174.6333333333,2015,0,6.0
100,3,0.7862542616203,820.1333333333,2015,0,6.0
5,4,2.51098805666,174.4333333333,2015,0,6.0
100,4,0.8755488637835,819.8666666667,2015,0,6.0
5,5,1.176303260028,175.8333333333,2015,0,6.0
100,5,0.5491846632212,819.7,2015,0,6.0
5,6,1.177866369486,175.6,2015,0,6.0
100,6,0.4893556628376,820.4666666667,2015,0,6.0
5,7,1.174522042274,176.1,2015,0,6.0
100,7,0.534733235836,819.1,2015,0,6.0
5,8,1.820953510702,180.4,2015,0,6.0
100,8,0.5946562439203,818.4,2015,0,6.0
5,9,3.365296125412,180.7666666667,2015,0,6.0
100,9,1.205799585208,817.3,2015,0,6.0
5,10,4.970154955983,178.7,2015,0,6.0
100,10,1.693184103817,819.1666666667,2015,0,6.0
5,11,3.991749711335,173.7333333333,2015,0,6.0
100,11,1.376297450624,822.1333333333,2015,0,6.0
5,12,2.622919797897,176.2666666667,2015,0,6.0
100,12,1.316995019093,822.2,2015,0,6.0
5,1,3.139491453767,178.2666666667,2016,0,6.0
100,1,1.110998354852,821.3333333333,2016,0,6.0
5,2,2.741269171238,177.5333333333,2016,0,6.0
100,2,1.078744935803,823.3333333333,2016,0,6.0
5,3,3.013133108616,177.6666666667,2016,0,6.0
100,3,1.287034445442,822.4333333333,2016,0,6.0
5,4,1.635243594646,178.5666666667,2016,0,6.0
100,4,0.8587887044996,821.7,2016,0,6.0
5,5,2.37144973129,179.5666666667,2016,0,6.0
100,5,0.7120504081249,820.1666666667,2016,0,6.0
5,6,2.389190196991,178.2333333333,2016,0,6.0
100,6,0.7554788812995,821.3333333333,2016,0,6.0
5,7,1.648165583611,177.1666666667,2016,0,6.0
100,7,0.6524742171168,820.4666666667,2016,0,6.0
5,8,2.083729729056,175.1666666667,2016,0,6.0
100,8,0.8605341464281,820.0333333333,2016,0,6.0
5,9,1.801442682743,175.6,2016,0,6.0
100,9,1.33536583744,820,2016,0,6.0
5,10,2.913894608617,175.3666666667,2016,0,6.0
100,10,1.437241176143,821.1333333333,2016,0,6.0
5,11,2.389295324683,173.1333333333,2016,0,6.0
100,11,1.435842287727,821.9333333333,2016,0,6.0
5,12,4.300753228366,172.5666666667,2016,0,6.0
100,12,1.373624140397,823.7333333333,2016,0,6.0
5,1,3.238187149167,172.8333333333,2017,0,6.0
100,1,0.8427854049951,822.8666666667,2017,0,6.0
5,2,2.127866372466,171.5333333333,2017,0,6.0
100,2,0.9015630045906,823.2,2017,0,6.0
5,3,2.375739522278,169,2017,0,6.0
100,3,0.7231229320168,824.4333333333,2017,0,6.0
5,4,2.032617241144,167.6,2017,0,6.0
100,4,0.6793170217425,823.8666666667,2017,0,6.0
5,5,1.690495371819,165.5333333333,2017,0,6.0
100,5,0.4410520847887,827.5666666667,2017,0,6.0
5,6,1.18868303299,163.7666666667,2017,0,6.0
100,6,0.528581187129,828.6333333333,2017,0,6.0
5,7,1.482233554125,164.1666666667,2017,0,6.0
100,7,0.5727218035609,828.5,2017,0,6.0
5,8,1.192080020905,163.3,2017,0,6.0
100,8,0.8810395561159,828.5666666667,2017,0,6.0
5,9,1.213884830475,160.3666666667,2017,0,6.0
100,9,0.9668097831309,830.5666666667,2017,0,6.0
5,10,2.121652573347,160.5666666667,2017,0,6.0
100,10,1.112135667354,831.4333333333,2017,0,6.0
5,11,1.513580828905,160.7666666667,2017,0,6.0
100,11,1.322304066271,828.1,2017,0,6.0
5,12,6.286574155092,160.6333333333,2017,0,6.0
100,12,1.504485569894,824.8666666667,2017,0,6.0
5,1,2.874015659094,160.8666666667,2018,0,6.0
100,1,0.8545594122261,825.7666666667,2018,0,6.0
5,2,2.690040133893,158.3,2018,0,6.0
100,2,0.8401647387072,825.4333333333,2018,0,6.0
5,3,3.072390556335,158.4,2018,0,6.0
100,3,1.003964077681,824.0666666667,2018,0,6.0
5,4,2.147058904171,158.6666666667,2018,0,6.0
100,4,0.7084799408913,824.3,2018,0,6.0
5,5,1.325288325548,156.0666666667,2018,0,6.0
100,5,0.5767127098516,822.7666666667,2018,0,6.0
5,6,1.719854280353,155.6333333333,2018,0,6.0
100,6,0.3994082892314,822.4666666667,2018,0,6.0
5,7,0.3943388164043,154.2666666667,2018,0,6.0
100,7,0.4434096068144,823.1666666667,2018,0,6.0
5,8,1.000421658158,158.1,2018,0,6.0
100,8,0.4162254706025,818.4666666667,2018,0,6.0
5,9,0.8445519581437,158.4666666667,2018,0,6.0
100,9,1.277574308217,819,2018,0,6.0
5,10,1.147798709571,159,2018,0,6.0
100,10,1.101370079443,817.4666666667,2018,0,6.0
5,11,2.004223838449,157.8333333333,2018,0,6.0
100,11,1.667210429907,817.3333333333,2018,0,6.0
5,12,5.487543195486,155.2,2018,0,6.0
100,12,1.309096820652,817.8666666667,2018,0,6.0
5,1,2.929961979389,166.1,2015,0,12.0
100,1,1.288097545505,831.2,2015,0,12.0
5,2,2.362459659576,164.8,2015,0,12.0
100,2,0.9934755638242,832.7666666667,2015,0,12.0
5,3,2.238348349929,163.0666666667,2015,0,12.0
100,3,0.947824716568,834.3666666667,2015,0,12.0
5,4,1.768625020981,165.1,2015,0,12.0
100,4,0.6257475325838,836.0666666667,2015,0,12.0
5,5,2.127210639417,165.8666666667,2015,0,12.0
100,5,0.6404530182481,835.8666666667,2015,0,12.0
5,6,1.532387115061,166.7333333333,2015,0,12.0
100,6,0.4362723603845,836.6333333333,2015,0,12.0
5,7,1.385891273618,166.8,2015,0,12.0
100,7,0.5525676310062,836.7,2015,0,12.0
5,8,1.883684039116,167.9333333333,2015,0,12.0
100,8,0.6250746650621,836.9666666667,2015,0,12.0
5,9,3.35129724443,167,2015,0,12.0
100,9,1.116917689331,838.7666666667,2015,0,12.0
5,10,4.037132203579,168.7666666667,2015,0,12.0
100,10,1.624607548118,838.7666666667,2015,0,12.0
5,11,4.9189453125,170.6666666667,2015,0,12.0
100,11,1.712388707325,838.4,2015,0,12.0
5,12,3.036370716989,172.3,2015,0,12.0
100,12,1.480494702235,838.2333333333,2015,0,12.0
5,1,2.601618185639,173.0333333333,2016,0,12.0
100,1,1.122224867344,834.8,2016,0,12.0
5,2,3.988688595593,173.8666666667,2016,0,12.0
100,2,1.136345487088,835.1333333333,2016,0,12.0
5,3,2.403122633696,177.2,2016,0,12.0
100,3,1.033417084254,835.9,2016,0,12.0
5,4,2.828413367271,180.6666666667,2016,0,12.0
100,4,0.8164569586515,834.5,2016,0,12.0
5,5,2.457241587341,183.2,2016,0,12.0
100,5,0.5983127923682,833.7333333333,2016,0,12.0
5,6,1.934039756656,182.4333333333,2016,0,12.0
100,6,0.6575786601752,832.6,2016,0,12.0
5,7,1.258392348886,183.7,2016,0,12.0
100,7,0.5572519209236,829.6666666667,2016,0,12.0
5,8,1.515069507062,184.7,2016,0,12.0
100,8,0.6015113322064,829.3,2016,0,12.0
5,9,2.132943868637,182.5333333333,2016,0,12.0
100,9,0.9685590192676,829.0666666667,2016,0,12.0
5,10,2.359623275697,180.4666666667,2016,0,12.0
100,10,1.672696541995,829.2,2016,0,12.0
5,11,1.780153781176,177.7,2016,0,12.0
100,11,1.524926684797,829.7666666667,2016,0,12.0
5,12,5.661558486521,178.3666666667,2016,0,12.0
100,12,1.277867188677,828.3333333333,2016,0,12.0
5,1,3.848616123199,177.0333333333,2017,0,12.0
100,1,1.056992322206,828.7666666667,2017,0,12.0
5,2,2.56553940475,175.4666666667,2017,0,12.0
100,2,0.8909207172692,833.0333333333,2017,0,12.0
5,3,2.817736804485,177.0333333333,2017,0,12.0
100,3,0.8485990464687,831.5666666667,2017,0,12.0
5,4,2.180731773376,178.5333333333,2017,0,12.0
100,4,0.5439423220232,827.6,2017,0,12.0
5,5,1.688876561821,180.1,2017,0,12.0
100,5,0.574432041496,826.0333333333,2017,0,12.0
5,6,1.77350024879,178.3666666667,2017,0,12.0
100,6,0.5607892125845,824.4333333333,2017,0,12.0
5,7,0.9608875215054,177.2666666667,2017,0,12.0
100,7,0.5322423689067,822.9333333333,2017,0,12.0
5,8,0.889576330781,177.8,2017,0,12.0
100,8,0.6669238116592,820.9333333333,2017,0,12.0
5,9,1.583663515747,176.7,2017,0,12.0
100,9,1.19076743722,817.4,2017,0,12.0
5,10,1.924670428038,177,2017,0,12.0
100,10,1.147470733151,816.4333333333,2017,0,12.0
5,11,1.761648371816,179.5666666667,2017,0,12.0
100,11,1.29813585151,815.4,2017,0,12.0
5,12,5.673575073481,180.1333333333,2017,0,12.0
100,12,1.08906237036,815.5333333333,2017,0,12.0
5,1,4.019085913897,181.6333333333,2018,0,12.0
100,1,1.208955195732,815.1666666667,2018,0,12.0
5,2,2.079198867083,181.4,2018,0,12.0
100,2,0.7622850285843,814,2018,0,12.0
5,3,2.61254478991,176.9666666667,2018,0,12.0
100,3,0.8936951681972,816.8333333333,2018,0,12.0
5,4,1.731499098241,175.6666666667,2018,0,12.0
100,4,0.8602194450796,820.3333333333,2018,0,12.0
5,5,1.978874489665,178.3,2018,0,12.0
100,5,0.6688248272985,818.6,2018,0,12.0
5,6,1.302102856338,177.5333333333,2018,0,12.0
100,6,0.5526681859046,814.5333333333,2018,0,12.0
5,7,1.091997027397,178.2666666667,2018,0,12.0
100,7,0.448568277061,813.7,2018,0,12.0
5,8,1.167011491954,177.2333333333,2018,0,12.0
100,8,0.7182683050632,813.0666666667,2018,0,12.0
5,9,1.092405557632,178.2,2018,0,12.0
100,9,0.8239277871326,812.1666666667,2018,0,12.0
5,10,1.649406909943,177.0333333333,2018,0,12.0
100,10,1.093128237873,812.5,2018,0,12.0
5,11,1.905294567347,178.8,2018,0,12.0
100,11,1.533550305292,809.2333333333,2018,0,12.0
5,12,6.221591211855,181.8666666667,2018,0,12.0
100,12,1.471895271912,810.0666666667,2018,0,12.0
5,1,2.512797832489,188.8333333333,2015,0,13.0
100,1,0.8982168557122,826.2666666667,2015,0,13.0
5,2,2.46577771008,187.5,2015,0,13.0
100,2,0.9258364504203,827.9,2015,0,13.0
5,3,1.997704811394,188.8,2015,0,13.0
100,3,1.017740238458,824.8666666667,2015,0,13.0
5,4,2.388151973486,188.5,2015,0,13.0
100,4,0.6498078070581,823.8333333333,2015,0,13.0
5,5,1.335133194923,191.3666666667,2015,0,13.0
100,5,0.5764324888587,823.1666666667,2015,0,13.0
5,6,1.974005647004,191.0666666667,2015,0,13.0
100,6,0.5018602237105,824.2666666667,2015,0,13.0
5,7,1.773689627647,192.0666666667,2015,0,13.0
100,7,0.5768996933475,822.5,2015,0,13.0
5,8,1.649287417531,191.8,2015,0,13.0
100,8,0.8104562060907,825.6666666667,2015,0,13.0
5,9,2.708002254367,188.7,2015,0,13.0
100,9,0.9981902241707,828.8333333333,2015,0,13.0
5,10,3.978551268578,189.6,2015,0,13.0
100,10,1.627043101005,830.0333333333,2015,0,13.0
5,11,4.189475402236,188.7666666667,2015,0,13.0
100,11,1.811196882278,832.9666666667,2015,0,13.0
5,12,3.310357406735,183.7666666667,2015,0,13.0
100,12,1.557216863148,836,2015,0,13.0
5,1,3.158718548715,181.0333333333,2016,0,13.0
100,1,1.20663563069,836.9,2016,0,13.0
5,2,3.948153883219,178.7333333333,2016,0,13.0
100,2,1.129045067355,840.5333333333,2016,0,13.0
5,3,2.61747507751,176.6333333333,2016,0,13.0
100,3,1.417363412678,841.2333333333,2016,0,13.0
5,4,2.805060863495,177.8333333333,2016,0,13.0
100,4,0.8680142462254,841,2016,0,13.0
5,5,2.41493396461,176.3333333333,2016,0,13.0
100,5,0.779667718336,842.6666666667,2016,0,13.0
5,6,2.587164729834,174,2016,0,13.0
100,6,0.7221145089716,842.4333333333,2016,0,13.0
5,7,1.506189867854,169.6333333333,2016,0,13.0
100,7,0.6894109100103,847.1,2016,0,13.0
5,8,1.145547270775,169.9333333333,2016,0,13.0
100,8,0.8315657414496,848.6,2016,0,13.0
5,9,1.81159414351,167.9,2016,0,13.0
100,9,1.143662855029,851.0666666667,2016,0,13.0
5,10,1.967851527035,166.9333333333,2016,0,13.0
100,10,1.472350622527,851.1333333333,2016,0,13.0
5,11,3.034441843629,168.4,2016,0,13.0
100,11,1.37471061945,849.6333333333,2016,0,13.0
5,12,5.199638813734,166.1333333333,2016,0,13.0
100,12,1.175892848521,848.4333333333,2016,0,13.0
5,1,2.589732795954,159.7333333333,2017,0,13.0
100,1,1.02764634043,852.4333333333,2017,0,13.0
5,2,2.665345184505,159.7666666667,2017,0,13.0
100,2,0.9702134020627,852.7333333333,2017,0,13.0
5,3,3.00063239783,158.1333333333,2017,0,13.0
100,3,0.9683208502829,854.4,2017,0,13.0
5,4,1.715445354581,156.0333333333,2017,0,13.0
100,4,0.6992337042466,852.6,2017,0,13.0
5,5,1.567869484425,155.2,2017,0,13.0
100,5,0.771911976859,851.1333333333,2017,0,13.0
5,6,1.341331571341,154.2,2017,0,13.0
100,6,0.5981505420059,854.3,2017,0,13.0
5,7,0.8671706095338,154.3333333333,2017,0,13.0
100,7,0.6984963826835,853.5,2017,0,13.0
5,8,1.088391900063,156.5,2017,0,13.0
100,8,0.6840009391308,853.8,2017,0,13.0
5,9,1.686266258359,158.7333333333,2017,0,13.0
100,9,1.26844984293,853.6666666667,2017,0,13.0
5,10,1.795721895993,155.8333333333,2017,0,13.0
100,10,1.310387890786,854.2,2017,0,13.0
5,11,2.573718041182,156,2017,0,13.0
100,11,1.580949760973,854.2333333333,2017,0,13.0
5,12,5.033931657672,152.2666666667,2017,0,13.0
100,12,1.245347373188,859.7333333333,2017,0,13.0
5,1,3.163333319128,150,2018,0,13.0
100,1,0.9498562645167,858.2,2018,0,13.0
5,2,3.094600588083,149.4,2018,0,13.0
100,2,0.9657963290811,856.6333333333,2018,0,13.0
5,3,2.316409826279,147.0666666667,2018,0,13.0
100,3,0.7808549422771,856.9666666667,2018,0,13.0
5,4,1.711701706052,149.2666666667,2018,0,13.0
100,4,0.5532022230327,857.7333333333,2018,0,13.0
5,5,2.016128972173,150.8666666667,2018,0,13.0
100,5,0.6093488996848,858.5666666667,2018,0,13.0
5,6,1.750217974186,152.9333333333,2018,0,13.0
100,6,0.4537860751152,857.9666666667,2018,0,13.0
5,7,0.7829257845879,155.4,2018,0,13.0
100,7,0.5673428252339,857.8,2018,0,13.0
5,8,1.252412557602,155.4333333333,2018,0,13.0
100,8,0.652140121907,858.2,2018,0,13.0
5,9,0.6220707297325,156.4666666667,2018,0,13.0
100,9,0.99385404028,856.9333333333,2018,0,13.0
5,10,2.54328558594,157.8666666667,2018,0,13.0
100,10,1.80946991872,853.9333333333,2018,0,13.0
5,11,2.534188918769,158.4333333333,2018,0,13.0
100,11,1.284909630194,852.2,2018,0,13.0
5,12,5.597689285874,158.6666666667,2018,0,13.0
100,12,1.097594289109,853.5333333333,2018,0,13.0
5,1,2.241037912667,168.3,2015,0,10.0
100,1,1.162288159132,879.3,2015,0,10.0
5,2,2.772336617112,166.7666666667,2015,0,10.0
100,2,1.069810828194,875.7,2015,0,10.0
5,3,2.880412906408,164.7333333333,2015,0,10.0
100,3,0.901474263519,877.2666666667,2015,0,10.0
5,4,2.218395397067,164.5333333333,2015,0,10.0
100,4,0.7896834556013,878.2,2015,0,10.0
5,5,1.278590604663,161.7666666667,2015,0,10.0
100,5,0.6781299794093,879.1333333333,2015,0,10.0
5,6,1.06480512023,159.9666666667,2015,0,10.0
100,6,0.6764884041622,881.2666666667,2015,0,10.0
5,7,1.818181872368,160.6,2015,0,10.0
100,7,0.5788837876171,882.7333333333,2015,0,10.0
5,8,1.13565646112,160.7,2015,0,10.0
100,8,0.5378192709759,882.2666666667,2015,0,10.0
5,9,3.295884050429,158.7333333333,2015,0,10.0
100,9,1.498888558708,884.7666666667,2015,0,10.0
5,10,4.535100460052,160.9666666667,2015,0,10.0
100,10,1.569004537538,884,2015,0,10.0
5,11,4.029027029872,163.0666666667,2015,0,10.0
100,11,1.568827020004,884.1,2015,0,10.0
5,12,3.06283248961,162.8666666667,2015,0,10.0
100,12,1.197488461621,883.9333333333,2015,0,10.0
5,1,3.72061560303,160.2333333333,2016,0,10.0
100,1,1.302640982904,887.3,2016,0,10.0
5,2,2.793961375952,156.7666666667,2016,0,10.0
100,2,0.9310875348747,888.5666666667,2016,0,10.0
5,3,3.29111212492,155.2666666667,2016,0,10.0
100,3,1.011799935251,889.8333333333,2016,0,10.0
5,4,2.855280429125,153.4,2016,0,10.0
100,4,0.8435845728964,894.2,2016,0,10.0
5,5,1.731723040342,154.5666666667,2016,0,10.0
100,5,0.7891892008483,894.1666666667,2016,0,10.0
5,6,2.33624920249,156.2333333333,2016,0,10.0
100,6,0.7778442464769,891.5666666667,2016,0,10.0
5,7,1.564844548702,155.5,2016,0,10.0
100,7,0.6140416301787,891.6333333333,2016,0,10.0
5,8,1.543993204832,157.6,2016,0,10.0
100,8,0.9279545396566,891.5666666667,2016,0,10.0
5,9,2.257411003113,156.3,2016,0,10.0
100,9,1.280749531463,892.9666666667,2016,0,10.0
5,10,2.32484087348,157,2016,0,10.0
100,10,1.628669952042,888.9666666667,2016,0,10.0
5,11,2.463095664978,158.0666666667,2016,0,10.0
100,11,1.315414041281,887.9333333333,2016,0,10.0
5,12,4.428480215371,156.6,2016,0,10.0
100,12,1.041604086757,887.7333333333,2016,0,10.0
5,1,3.761335462332,161.7333333333,2017,0,10.0
100,1,1.191959797405,888.0333333333,2017,0,10.0
5,2,2.756450682878,158.9,2017,0,10.0
100,2,1.009832881391,891.5666666667,2017,0,10.0
5,3,2.212121233344,159.5,2017,0,10.0
100,3,0.859497634694,891.8,2017,0,10.0
5,4,2.633701249957,157.0666666667,2017,0,10.0
100,4,0.7501587923616,892.0333333333,2017,0,10.0
5,5,1.863036990166,156.7333333333,2017,0,10.0
100,5,0.5601302469149,890.5666666667,2017,0,10.0
5,6,1.692307755351,158.1666666667,2017,0,10.0
100,6,0.4786974797025,889.5666666667,2017,0,10.0
5,7,2.151578992605,158.3333333333,2017,0,10.0
100,7,0.5732341334224,891.4333333333,2017,0,10.0
5,8,1.231807589531,158.0333333333,2017,0,10.0
100,8,0.9398791138083,893.2,2017,0,10.0
5,9,1.595877595246,160.1,2017,0,10.0
100,9,1.403060232289,893.1666666667,2017,0,10.0
5,10,2.629141919315,161.9666666667,2017,0,10.0
100,10,1.538074259646,893.8666666667,2017,0,10.0
5,11,2.134502917528,159.6,2017,0,10.0
100,11,1.155493455008,895,2017,0,10.0
5,12,5.615384668112,164.6666666667,2017,0,10.0
100,12,1.171530915424,893.1333333333,2017,0,10.0
5,1,3.908683657646,171.2,2018,0,10.0
100,1,0.9131132783368,892.7333333333,2018,0,10.0
5,2,2.371488720179,174.4333333333,2018,0,10.0
100,2,0.7761032581329,893.5666666667,2018,0,10.0
5,3,2.907814800739,175.7333333333,2018,0,10.0
100,3,0.8178966119885,892.5333333333,2018,0,10.0
5,4,1.646307170391,177.3666666667,2018,0,10.0
100,4,0.6429187161848,889.4333333333,2018,0,10.0
5,5,1.761648371816,179.5666666667,2018,0,10.0
100,5,0.4793081386015,888.4333333333,2018,0,10.0
5,6,1.948278993368,181.1,2018,0,10.0
100,6,0.4389492273331,886.9666666667,2018,0,10.0
5,7,1.167670249939,177.1333333333,2018,0,10.0
100,7,0.5755800884217,887.8,2018,0,10.0
5,8,0.6179458200932,177.2,2018,0,10.0
100,8,0.576988209039,885.6333333333,2018,0,10.0
5,9,1.438086256385,177.6666666667,2018,0,10.0
100,9,0.9211963946,884.9,2018,0,10.0
5,10,1.773168995976,178.4,2018,0,10.0
100,10,1.07373187691,883.8333333333,2018,0,10.0
5,11,2.395013198256,177.8,2018,0,10.0
100,11,1.36152973026,884.6666666667,2018,0,10.0
5,12,5.595192946494,176.1333333333,2018,0,10.0
100,12,1.002256941982,886.1666666667,2018,0,10.0
5,1,2.743354849517,181.8333333333,2015,0,11.0
100,1,1.251594861969,836,2015,0,11.0
5,2,2.494458891451,180.4666666667,2015,0,11.0
100,2,0.943152429536,838.5,2015,0,11.0
5,3,2.116931647062,178.1666666667,2015,0,11.0
100,3,0.6807269640267,840.0333333333,2015,0,11.0
5,4,2.539010986686,177.3,2015,0,11.0
100,4,0.6213626805693,841.9666666667,2015,0,11.0
5,5,1.78082190454,177.6333333333,2015,0,11.0
100,5,0.6380612030625,839,2015,0,11.0
5,6,1.966010302305,179.4666666667,2015,0,11.0
100,6,0.6396622620523,836.9,2015,0,11.0
5,7,1.488415181637,179.8333333333,2015,0,11.0
100,7,0.5816501379013,836.7,2015,0,11.0
5,8,1.874541401863,181.7333333333,2015,0,11.0
100,8,0.6854322962463,834.2666666667,2015,0,11.0
5,9,2.607142992318,182,2015,0,11.0
100,9,1.199358811602,831.8333333333,2015,0,11.0
5,10,5.012818425894,182.0333333333,2015,0,11.0
100,10,1.594525252469,831.7,2015,0,11.0
5,11,4.378921985626,180.6,2015,0,11.0
100,11,1.670815939084,830.1333333333,2015,0,11.0
5,12,3.769131660461,180.7666666667,2015,0,11.0
100,12,1.435508450493,830.6,2015,0,11.0
5,1,4.248891524971,180.4,2016,0,11.0
100,1,1.446673052385,832.6,2016,0,11.0
5,2,2.505565971136,179.6666666667,2016,0,11.0
100,2,1.062273222953,836.1,2016,0,11.0
5,3,3.176790475845,183.8333333333,2016,0,11.0
100,3,0.9481655946001,834.0666666667,2016,0,11.0
5,4,3.190901011229,186.8333333333,2016,0,11.0
100,4,0.8913487289101,832.6333333333,2016,0,11.0
5,5,2.514573521912,188.7,2016,0,11.0
100,5,0.9362350106239,831.7,2016,0,11.0
5,6,2.204654365778,187.6333333333,2016,0,11.0
100,6,0.9361975193024,831.7333333333,2016,0,11.0
5,7,1.410999834538,189.7,2016,0,11.0
100,7,0.5425655841827,829.7,2016,0,11.0
5,8,1.223104014993,189,2016,0,11.0
100,8,0.6006421828642,830.5,2016,0,11.0
5,9,1.986133083701,189.9,2016,0,11.0
100,9,1.287323139608,831.7,2016,0,11.0
5,10,1.867831259966,188.9,2016,0,11.0
100,10,1.473421229981,834,2016,0,11.0
5,11,1.925444081426,189.5666666667,2016,0,11.0
100,11,1.312477542087,834.3,2016,0,11.0
5,12,4.435540772974,189.2666666667,2016,0,11.0
100,12,0.9319025278091,835.5666666667,2016,0,11.0
5,1,3.484795019031,188.5333333333,2017,0,11.0
100,1,0.8757547661662,833.5666666667,2017,0,11.0
5,2,2.401315838099,187.4666666667,2017,0,11.0
100,2,0.9768714318052,834.4666666667,2017,0,11.0
5,3,2.139811590314,187.6333333333,2017,0,11.0
100,3,0.9055984411389,832.9666666667,2017,0,11.0
5,4,2.418084107339,186.1666666667,2017,0,11.0
100,4,0.687464944087,831.8,2017,0,11.0
5,5,2.014779120684,187.2,2017,0,11.0
100,5,0.6141334678978,832.0666666667,2017,0,11.0
5,6,1.91634580493,190.4666666667,2017,0,11.0
100,6,0.5555778201669,832.1666666667,2017,0,11.0
5,7,1.670480623841,189.3666666667,2017,0,11.0
100,7,0.6275991797447,833.6,2017,0,11.0
5,8,1.534419357777,190.3,2017,0,11.0
100,8,0.68450244423,835.4,2017,0,11.0
5,9,1.224832192063,188.7333333333,2017,0,11.0
100,9,1.049688465893,834.5333333333,2017,0,11.0
5,10,2.079771995544,187.2,2017,0,11.0
100,10,1.164692267776,835.7,2017,0,11.0
5,11,1.59562844038,183,2017,0,11.0
100,11,1.216714940965,839.9666666667,2017,0,11.0
5,12,5.299455523491,183.6666666667,2017,0,11.0
100,12,1.303312852979,840.1666666667,2017,0,11.0
5,1,2.373983770609,184.5,2018,0,11.0
100,1,1.070508519188,841.0333333333,2018,0,11.0
5,2,2.645406723022,183.9666666667,2018,0,11.0
100,2,1.082315272652,843.1,2018,0,11.0
5,3,2.989625036716,183.1333333333,2018,0,11.0
100,3,0.6632955335081,843.7666666667,2018,0,11.0
5,4,2.464865833521,182.6333333333,2018,0,11.0
100,4,0.5753014236689,845.9333333333,2018,0,11.0
5,5,1.600000083447,182.5,2018,0,11.0
100,5,0.7903854455799,846.6333333333,2018,0,11.0
5,6,2.002926617861,182.2333333333,2018,0,11.0
100,6,0.5445836242288,848.9666666667,2018,0,11.0
5,7,1.076100945473,180.9,2018,0,11.0
100,7,0.4288735706359,851.0666666667,2018,0,11.0
5,8,0.612873159349,178.6666666667,2018,0,11.0
100,8,0.5575574710965,851.0333333333,2018,0,11.0
5,9,1.034971699119,176.3333333333,2018,0,11.0
100,9,1.143483743072,851.2,2018,0,11.0
5,10,1.463903769851,174.5333333333,2018,0,11.0
100,10,1.374602794647,849.7,2018,0,11.0
5,11,2.230284452438,174.5666666667,2018,0,11.0
100,11,1.305467083119,848.1,2018,0,11.0
5,12,4.422567367554,176.0666666667,2018,0,11.0
100,12,1.296011377126,844.9,2018,0,11.0
